       612777                                  面向对象程序设计 201712010103  1   47   60   55  3 0
       612777                                  面向对象程序设计 201712010104  3   88   90   89  3 0
       612777                                  面向对象程序设计 201712010105  2   88   90   89  3 0
       612777                                  面向对象程序设计 201712010106  1   88   90   89  3 0
       612777                                  面向对象程序设计 201712010107  1   88   90   89  3 0
       612777                                  面向对象程序设计 201612010102  2   88   90   89  3 1
       612777                                  面向对象程序设计 201712010102  2   87   87   87  3 0
       611811                                  高级语言程序设计 201712010103  1   47   60   55  3 0
       611811                                  高级语言程序设计 201712010104  3   88   90   89  3 0
       611811                                  高级语言程序设计 201712010105  2   88   90   89  3 0
       611811                                  高级语言程序设计 201712010106  1   88   90   89  3 0
       611811                                  高级语言程序设计 201712010107  1   88   90   89  3 0
       611811                                  高级语言程序设计 201712010108  2   88   90   89  3 0
       611811                                  高级语言程序设计 201612010102  2   87   87   87  3 1
       611251                                          操作系统 201712010101  1   88   87   88  3 0
       611251                                          操作系统 201712010103  1   47   60   55  3 0
       611251                                          操作系统 201712010104  3   88   90   89  3 0
       611251                                          操作系统 201712010105  2   88   90   89  3 0
       611251                                          操作系统 201712010106  1   88   90   89  3 0
       611251                                          操作系统 201712010107  1   88   90   89  3 0
       611251                                          操作系统 201712010108  2   88   90   89  3 0
       611251                                          操作系统 201612010102  2   87   87   87  3 1
