 201712010101      王小红 0 21 6102  14488888888
 201712010102      李小白 0 21 6103  14488888888
 201712010103      钱小强 1 22 6104  15588888888
 201712010104      赵小绿 0 22 6103  13377777777
 201712010106      赵大绿 0 22 6103  13377777777
 201712010107      赵大红 0 22 6103  13377777777
 201712010108      赵大黄 0 22 6103  13377777777
 201712010109      赵一二 0 22 6103  13377777777
 201712010110      赵一三 0 22 6103  13377777777
 201612010102      赵一三 0 22 6103  13377777777
 201712010105      王小敏 0 22 6101  12266666666
